9.900745539461333067e-01
9.635948282436558321e-01
9.683426768930406547e-01
9.669212865930747469e-01
9.712035988073514092e-01
9.821600930783940253e-01
9.764468905457712733e-01
9.575248533504203685e-01
9.600143852345635054e-01
9.740467761932291024e-01
1.003610500263265592e+00
9.624795158409352736e-01
9.866840682586424105e-01
9.476539812813623564e-01
9.623136292669366432e-01
9.768581960526863117e-01
9.592295499093753675e-01
9.782842081906226728e-01
9.834954957592434432e-01
1.011463070340630432e+00
9.911811881549048575e-01
9.556294406707349642e-01
9.668253190359330507e-01
9.993609837194818990e-01
9.791079843276981887e-01
9.949535234239924586e-01
9.337564538620717336e-01
9.700963249679039890e-01
9.568328456069190580e-01
9.865792175472269943e-01
9.651139300724922432e-01
9.609815823334642015e-01
9.606458367068887449e-01
9.452599511223046536e-01
9.691379805406994397e-01
9.590922197386411163e-01
9.624559092435371888e-01
9.396926272391458168e-01
9.619425318578880280e-01
9.529511229069963507e-01
9.506782209662938410e-01
9.695952898901399886e-01
9.754949383553241926e-01
9.641100356739475963e-01
9.766446928694841878e-01
9.505183227695762627e-01
9.673900514114147642e-01
9.406315851975948217e-01
9.737604654679220539e-01
9.851965889980038860e-01
9.661541311435193347e-01
9.795297644648173208e-01
9.727989870974532716e-01
1.003416784085801927e+00
9.626362209450354257e-01
9.648217317103465751e-01
9.622470454309304255e-01
9.726741845513849904e-01
9.692720897303420680e-01
9.718450999984405980e-01
9.562136206991217469e-01
9.638782708652551268e-01
9.887617951087220858e-01
9.601281015987376266e-01
9.968209680656501259e-01
9.670888533469522708e-01
9.800373979061238749e-01
9.619421478192921038e-01
9.828932224700396292e-01
9.644491907096499617e-01
9.695456271966640394e-01
9.615661170401340607e-01
9.838616062305004517e-01
9.767161829871997547e-01
9.478707430304793569e-01
9.784448714173179518e-01
9.513392290401235796e-01
9.376624409446562280e-01
9.553081305478778873e-01
9.961696776578939927e-01
9.837091934247530478e-01
9.710912356544171287e-01
9.666980138510135045e-01
9.635543842792966274e-01
9.659532900417783230e-01
9.361423015228493849e-01
9.716581143310322188e-01
9.903273034770083694e-01
9.821646992618442429e-01
9.831538006613708136e-01
9.912902188227550315e-01
9.708957851043389375e-01
9.739962226651831534e-01
9.605848156681536798e-01
9.804000356185699205e-01
9.725784269140399507e-01
9.461290731005373988e-01
9.659993464212158765e-01
9.607010978642133159e-01
9.718187389602103154e-01
