9.781606445271875394e-01
9.743190711261567882e-01
9.723054011968758070e-01
1.004486711140727184e+00
9.476743452529043932e-01
9.468979995505459879e-01
9.444903261606077960e-01
9.568103300343759887e-01
9.416747231636432014e-01
9.398524088687775224e-01
9.698314422989789962e-01
9.559408350421859657e-01
9.700174288863080418e-01
9.877097257088729432e-01
9.382726343076851494e-01
9.750714499642935129e-01
9.478795008086624563e-01
9.593776012951291676e-01
9.753120192022608492e-01
9.703697865055168625e-01
9.682723844541126779e-01
9.670938510170805635e-01
9.658570888158943823e-01
9.549009622454865953e-01
9.496924949940639404e-01
9.724426380238372358e-01
9.597988380973070388e-01
9.706078908565419772e-01
9.719340932978223213e-01
9.716984196661796469e-01
9.708455003762177515e-01
9.739828354255235521e-01
9.724400215370269107e-01
9.671937965571822948e-01
9.400845986063687265e-01
9.508316099884884798e-01
9.812155427309433575e-01
9.733631800835798042e-01
9.618011057468818237e-01
9.905583590973355834e-01
9.584338912702011770e-01
9.436299380200654507e-01
9.625079944910468477e-01
9.739841982975590007e-01
9.386565300983434890e-01
9.703463442041361242e-01
9.393174595415240136e-01
9.642059966907191582e-01
9.587081898428505555e-01
9.541161468102168364e-01
9.383522772978699633e-01
9.671579646868987412e-01
9.724831226707623122e-01
9.765650533545240375e-01
9.712823434401325340e-01
9.534946155449243177e-01
9.736197607396969156e-01
9.791638155114213982e-01
9.583137633278824286e-01
1.001217192044083992e+00
9.796667450790156328e-01
9.776898287395137110e-01
9.885076199730903346e-01
9.681836469347012697e-01
9.512528273062484940e-01
9.630349345652239323e-01
9.742653695430759653e-01
9.591864564902006229e-01
9.369330715791293063e-01
9.804778444957183980e-01
9.710784529724809655e-01
9.813803935459817218e-01
9.836336486391612510e-01
9.922470235258750160e-01
9.639152420117247377e-01
9.645928746972002310e-01
9.665304095106302951e-01
9.503579563407063002e-01
9.812269945146161465e-01
9.828697110973079187e-01
9.694608719976003375e-01
9.824237115880586346e-01
9.692756546578955579e-01
9.767938949008962979e-01
9.984429308261160152e-01
9.721479499580606420e-01
9.659258946417187408e-01
9.695114751942971454e-01
9.762927720654099861e-01
9.800777377336058471e-01
9.680806053079044071e-01
9.491042767975005345e-01
9.572796859368424283e-01
9.687387046090664144e-01
9.691959199301447558e-01
9.556149853889410739e-01
9.681448992924723829e-01
9.583847026824351412e-01
9.383468314227125795e-01
9.740526070919069968e-01
