1.035228346531686938e+00
1.065678771084315191e+00
1.056829404681075557e+00
1.066321218983720343e+00
1.062155693849237581e+00
1.057643256922451425e+00
1.062738128358596601e+00
1.062635032337617247e+00
1.063982051003208529e+00
1.081955163593473657e+00
1.065413521811494180e+00
1.071667234633165711e+00
1.066812345796736672e+00
1.065085048855232142e+00
1.050803076633058941e+00
1.052258211217056649e+00
1.068908524859308429e+00
1.077967768208366817e+00
1.070262158947516307e+00
1.071900175872029903e+00
1.029372646060590313e+00
1.061713131232437046e+00
1.069067410906767712e+00
1.056711284521140826e+00
1.046706403625109472e+00
1.068623778485567222e+00
1.060842940787793731e+00
1.063712584322588084e+00
1.049405894774577019e+00
1.062059949223539190e+00
1.047275914416572196e+00
1.073998963733376222e+00
1.019460321570325290e+00
1.064443891590721281e+00
1.054204670716332615e+00
1.084987533552961958e+00
1.091864355027651667e+00
1.091204096480820063e+00
1.061222455587141456e+00
1.060335588153295427e+00
1.051828701290381529e+00
1.069258740179227507e+00
1.081796783404525675e+00
1.077388108584200088e+00
1.054063281964227272e+00
1.077342471136016666e+00
1.073980800281932879e+00
1.058463175173415927e+00
1.059952575649379725e+00
1.038892011484262357e+00
1.057264807515838623e+00
1.070195929841287974e+00
1.054447692182001406e+00
1.043888881561316540e+00
1.060280116051547372e+00
1.067663943255300119e+00
1.069676207285235714e+00
1.061842352794248434e+00
1.081528672302342953e+00
1.042128482447639781e+00
1.061782643938079973e+00
1.058823807636077641e+00
1.055576491950547480e+00
1.081873235533418187e+00
1.031463102965062717e+00
1.063095422498750775e+00
1.075600222847941323e+00
1.066749715005042232e+00
1.075339495488849773e+00
1.063501212640651117e+00
1.057251793816212482e+00
1.062431583729495532e+00
1.073842059697708740e+00
1.070264668650410922e+00
1.041601196554638564e+00
1.065113876704721907e+00
1.070725966792950956e+00
1.063776733720402934e+00
1.058826461992631751e+00
1.053842460134915671e+00
1.076840259039345993e+00
1.065637658291256340e+00
1.054808195803846660e+00
1.052296279892576791e+00
1.052102176135106593e+00
1.068242545455159620e+00
1.083698201495135960e+00
1.066429068544826553e+00
1.068868948929240448e+00
1.052553090161345573e+00
1.049835111921135988e+00
1.088286820894979856e+00
1.068910274028474827e+00
1.067923493324578033e+00
1.073977567603241701e+00
1.081086268266209682e+00
1.057918561014105974e+00
1.066139701674791995e+00
1.069309066416781029e+00
1.047952355801955671e+00
