9.615683879578673654e-01
9.618502619477102833e-01
9.780162156339073931e-01
9.705267456628732248e-01
9.699684852549599334e-01
9.809454222200593154e-01
9.545972376992057917e-01
9.745463608022446600e-01
9.674285132543452015e-01
9.694272359106834713e-01
9.737383674695294644e-01
9.603174074521301229e-01
9.732826274273547185e-01
9.532582515555119151e-01
9.768242762967465076e-01
9.712278845072250810e-01
9.866421907228577481e-01
9.648725592265754436e-01
9.930207947711218175e-01
9.776966475463799711e-01
9.646436296559528500e-01
9.852745479310893728e-01
1.002088837243807484e+00
9.756781375339156348e-01
9.594961631000935576e-01
9.720174318602832209e-01
9.575668669815935452e-01
9.740163112484676589e-01
1.004380679423991340e+00
9.836819550182333005e-01
9.824460099977392336e-01
9.784958592904127173e-01
9.729764750751122016e-01
9.596388876381202193e-01
9.787409320948581293e-01
9.800476217781217692e-01
9.576433606954819489e-01
9.768747675488826943e-01
9.724115564520676713e-01
9.740184188947658139e-01
9.574919187540102961e-01
9.661096260975210459e-01
9.540478246651469263e-01
9.886796965970061635e-01
9.648557169148391788e-01
9.784529208665067035e-01
9.744140867325250532e-01
9.611278045198772269e-01
9.526107874944766962e-01
9.827890927809295185e-01
9.502029224546243436e-01
9.614112704181305702e-01
9.489301357761592559e-01
9.904153401434543369e-01
9.636875540792555483e-01
9.723654201457634372e-01
9.739641078032695853e-01
9.635742867460130867e-01
9.592307327187343802e-01
9.902891388615775448e-01
9.900656721729497178e-01
9.762009517126823965e-01
9.814804452700589543e-01
9.711778450758070669e-01
9.736224234629993202e-01
9.791302397272132474e-01
9.807942497335906396e-01
9.577585311186473938e-01
9.764876410655185524e-01
9.462850520018348810e-01
9.456361030733100304e-01
9.798210035702021869e-01
9.850925936800161153e-01
9.633460081951170650e-01
1.009832957530436559e+00
9.617330334023952432e-01
9.795434213689759861e-01
9.729588331213805397e-01
9.768135893587943652e-01
9.491318561967210243e-01
9.767068670962693044e-01
9.697905636292452058e-01
9.416598059114802410e-01
9.649290786416999666e-01
9.689039095972706850e-01
9.625230540372151644e-01
9.577246274183353059e-01
9.730500782092890155e-01
9.701263618811242218e-01
9.602578334355347245e-01
9.432801182956360719e-01
9.751447557153338774e-01
9.537598999575629399e-01
9.732946806671964879e-01
9.723393240506990054e-01
1.001242153209755514e+00
9.665961411934596015e-01
9.665587866166045483e-01
9.917587709460908840e-01
9.674574720181359222e-01
