<<<<<<< HEAD
8,4,25,21,28,29,18,1,28,20,20,22,5,24,12,0,0,28,14,14,11,18,7,13,16,4,2,4,21,22,24,25,21,22,11,29,19,13,21,1
12,6,25,16,18,29,24,13,15,26,23,25,3,26,12,16,10,13,28,26,15,17,12,19,21,1,17,26,28,25,24,21,22,1,20,3,11,9,11,23
20,4,23,14,16,23,2,22,13,8,29,9,26,22,28,13,5,21,12,3,5,29,21,27,0,6,24,5,9,3,0,25,20,8,25,0,25,2,23,9
20,6,10,25,1,26,29,17,7,2,29,29,5,10,23,6,3,1,1,17,25,23,5,26,5,17,20,10,9,28,7,23,16,15,3,18,22,29,2,4
20,4,23,18,14,22,12,17,7,2,9,29,5,10,23,6,3,1,22,17,25,23,5,26,5,17,20,10,9,28,7,23,16,15,3,18,22,29,2,4
19,29,11,2,26,17,15,4,11,28,27,27,12,13,17,4,1,28,2,25,26,12,7,21,1,11,18,28,14,10,9,29,17,13,4,8,13,2,2,7
20,2,10,25,1,26,1,0,27,15,18,12,26,11,4,7,26,22,9,8,9,16,8,19,0,12,25,6,22,22,22,22,6,16,3,29,19,13,21,1
8,6,0,18,14,22,12,28,20,28,22,18,16,6,27,0,22,0,4,25,20,17,1,28,10,3,23,18,21,26,4,21,22,1,20,3,11,9,11,23
20,4,23,14,16,23,2,22,13,8,12,9,26,22,28,13,5,21,12,3,5,29,21,27,0,6,24,5,9,3,0,25,8,2,29,7,17,26,22,22
20,2,10,16,18,29,24,13,15,26,23,25,3,26,12,16,10,13,28,26,15,17,12,19,21,1,17,26,28,25,24,21,22,1,20,3,11,9,11,23
19,13,2,7,25,22,5,29,10,23,9,18,17,12,19,3,14,17,5,9,5,23,25,28,28,11,11,16,1,21,12,19,20,8,25,0,25,2,23,9
8,0,0,14,16,23,2,22,29,15,9,12,26,11,14,7,1,6,1,14,3,3,6,23,0,22,19,19,29,0,20,11,25,23,27,10,16,2,20,26
8,4,25,21,28,29,18,1,28,20,20,22,5,24,12,0,0,28,14,14,11,18,6,28,26,12,2,15,7,24,0,22,8,16,13,15,28,29,12,23
12,23,25,16,18,29,27,13,20,28,22,18,16,6,27,0,22,0,4,25,20,17,1,28,10,3,23,18,21,26,4,21,22,1,20,3,11,9,11,23
20,2,10,25,1,26,29,0,27,4,20,25,11,26,2,26,7,23,1,19,25,25,21,27,0,6,24,5,13,3,0,25,20,8,25,0,25,14,23,9
10,10,27,2,13,7,29,27,0,27,21,3,16,16,6,15,29,24,22,26,13,28,3,13,16,4,2,4,21,22,24,25,21,22,11,29,19,13,21,1
19,29,11,2,26,17,15,4,11,28,18,27,12,13,17,4,1,28,2,25,26,12,7,21,1,26,10,17,29,20,7,24,12,17,18,6,15,14,24,9
18,29,19,16,25,22,5,29,10,23,18,18,17,12,19,3,14,17,5,9,5,23,25,28,28,11,11,28,1,21,12,19,8,2,29,7,17,26,22,22
8,6,0,18,6,22,12,28,20,28,22,18,16,6,27,0,22,0,4,25,20,17,1,28,10,3,23,18,21,26,4,21,6,25,7,17,5,12,13,10
12,23,25,17,6,18,4,26,4,27,19,3,5,29,8,14,14,28,27,5,29,18,7,13,16,4,2,4,21,22,24,25,21,22,18,6,15,14,24,9
12,22,10,29,15,21,3,28,20,28,22,18,16,6,27,0,22,0,4,25,9,16,8,19,0,12,25,6,22,22,22,22,6,6,3,25,24,20,27,29
12,23,25,17,6,18,4,26,4,27,19,3,5,29,8,14,14,28,27,5,29,18,7,13,16,4,2,4,21,22,24,25,21,22,11,29,19,13,21,1
20,4,23,14,16,23,2,22,29,4,20,25,11,26,2,26,7,23,1,19,25,25,17,21,25,22,1,16,24,16,20,12,14,16,15,28,25,21,5,3
7,11,12,4,6,22,1,0,4,7,29,16,6,12,20,0,14,15,14,12,15,18,6,28,26,12,2,16,8,7,1,29,10,28,11,16,12,24,16,5
10,10,27,2,13,21,29,27,0,27,21,3,16,16,6,15,29,24,22,26,13,28,3,13,16,4,2,16,1,21,12,19,8,2,29,7,17,26,22,22
20,4,23,14,16,23,2,22,29,15,18,12,26,11,4,7,26,22,9,8,9,16,8,19,0,12,25,6,22,22,22,22,6,6,3,25,24,20,27,29
8,4,25,21,28,29,18,1,28,19,9,22,5,24,4,0,0,28,14,14,11,12,7,21,10,4,2,4,21,22,24,25,21,22,11,29,19,13,21,1
20,4,23,14,16,23,2,22,29,15,18,12,26,11,4,7,26,22,9,8,20,17,1,4,10,26,10,17,29,20,7,24,12,17,18,6,15,14,24,9
12,4,13,23,25,2,3,17,7,2,18,29,5,10,23,6,3,1,1,17,25,23,5,26,5,17,18,10,9,28,7,23,16,15,3,18,22,29,2,4
20,4,23,14,16,23,2,22,29,20,20,22,5,24,12,0,0,28,14,14,11,18,7,13,16,4,2,4,13,22,24,25,21,16,11,29,19,13,21,1
8,4,25,21,28,29,18,1,28,20,20,22,5,24,12,0,0,28,14,14,11,18,6,23,0,22,19,19,29,0,20,11,25,23,27,10,16,2,20,26
12,6,25,16,18,29,24,13,13,8,12,9,26,22,28,13,5,21,12,3,5,29,21,27,0,6,24,5,9,3,0,25,20,8,25,0,25,2,23,9
20,4,23,14,16,23,2,22,15,26,23,25,3,26,12,16,10,13,28,26,15,17,12,19,21,1,17,26,28,25,24,21,22,1,20,3,11,9,11,23
20,2,10,25,1,26,29,17,7,2,29,29,5,10,23,6,14,17,5,9,5,23,25,28,28,11,11,16,1,21,12,19,20,8,25,0,25,2,23,9
20,4,23,18,14,22,12,17,7,2,9,29,5,10,23,6,3,1,22,17,25,23,5,26,5,17,20,10,9,28,7,23,16,15,29,7,17,26,22,22
19,29,11,2,26,17,15,17,7,2,18,29,5,10,23,6,3,1,1,17,25,23,5,26,5,17,2,10,9,28,7,23,16,15,3,18,22,29,2,4
20,2,10,14,16,23,2,22,13,8,12,9,26,22,28,13,5,21,12,3,5,29,21,27,0,6,24,5,9,3,0,25,8,2,29,7,17,2,22,22
8,6,0,18,14,22,12,28,20,28,22,18,16,6,27,0,22,0,4,25,25,25,17,21,25,22,1,16,24,16,20,12,14,16,15,28,25,21,5,3
20,4,23,25,1,26,1,2,27,15,18,12,26,11,4,7,26,22,9,8,9,16,8,19,0,12,25,6,22,22,22,22,6,16,3,29,19,13,21,1
20,2,10,16,18,29,24,13,15,26,23,25,3,26,12,16,10,13,28,26,15,17,12,28,10,3,23,18,21,26,4,21,6,25,7,17,5,12,13,10
19,13,2,7,25,22,5,29,10,23,9,18,17,12,19,3,3,1,1,17,25,23,5,26,5,17,20,10,9,28,7,23,16,15,3,18,22,29,2,4
8,0,0,14,16,23,2,22,29,15,9,12,26,11,14,7,1,6,1,14,3,3,7,13,16,4,2,4,21,22,24,25,21,22,11,29,19,13,21,1
8,4,25,21,28,7,29,27,0,27,21,3,16,16,6,15,29,24,22,26,13,28,3,13,16,4,2,4,21,22,24,25,21,22,11,29,19,13,21,1
12,23,25,16,18,29,1,13,20,28,22,18,16,6,27,0,22,0,4,25,20,17,1,28,10,3,23,18,21,26,4,21,21,22,11,29,19,13,21,1
20,2,10,25,1,26,29,0,27,20,20,22,5,24,12,0,0,28,14,14,11,18,7,13,16,4,2,4,21,22,24,25,21,16,11,29,19,13,21,1
10,10,27,2,13,29,18,1,28,20,20,22,5,24,12,0,0,28,14,14,11,18,6,28,26,12,2,15,7,24,0,22,8,16,13,15,28,29,12,23
19,29,11,2,26,17,15,4,11,28,27,27,12,13,17,4,1,28,2,25,26,12,7,21,1,26,10,17,29,20,7,24,12,17,18,7,17,26,22,22
18,29,19,16,25,22,5,29,10,23,18,18,17,12,19,3,14,17,5,9,5,23,25,28,28,11,11,16,1,21,12,19,8,2,3,18,22,29,2,4
8,6,0,18,6,21,12,28,20,28,22,18,16,6,27,0,22,0,4,25,20,17,1,19,21,1,17,26,28,25,24,21,22,1,20,3,11,9,11,23
12,23,25,17,6,18,24,26,4,27,19,3,5,29,8,14,14,28,27,5,29,18,7,13,16,12,25,6,22,22,22,22,6,6,3,25,24,20,27,29
12,22,10,29,15,21,3,28,20,28,22,18,16,6,27,0,22,0,4,25,9,16,8,19,0,4,2,4,21,22,24,25,21,22,18,6,15,14,24,9
12,23,25,17,6,18,4,26,4,27,19,3,5,29,8,14,14,28,27,5,29,17,1,4,10,26,10,17,29,20,7,24,12,17,18,6,15,14,24,9
20,4,23,14,16,23,2,22,29,4,20,25,11,26,2,26,7,23,1,19,20,17,1,28,10,3,23,18,21,26,4,21,22,16,20,3,11,9,11,23
7,11,12,4,6,22,1,0,4,7,29,16,6,12,20,0,14,15,14,12,15,18,6,4,26,12,2,6,22,22,22,22,6,6,3,25,24,20,27,29
10,10,27,2,13,21,29,27,0,27,21,3,16,16,6,15,29,24,22,26,13,28,3,13,16,4,2,16,1,21,12,19,8,2,29,6,15,14,24,9
20,4,23,14,16,23,2,22,29,15,18,12,26,11,4,7,26,22,9,8,9,16,8,19,0,12,25,16,8,7,1,29,10,28,11,16,12,24,16,5
8,4,25,21,28,29,18,1,28,19,9,22,5,24,12,0,0,28,14,14,11,12,7,21,10,4,2,4,21,22,24,25,22,1,20,3,11,9,11,23
20,4,23,14,16,23,2,22,29,15,18,12,26,11,4,7,26,22,9,8,20,18,7,13,16,4,2,4,21,22,24,25,15,22,11,29,19,13,21,1
12,4,13,23,25,2,3,4,11,28,27,27,12,13,17,4,1,28,2,25,26,12,7,21,1,11,18,28,14,10,9,29,17,13,4,8,13,2,2,7
20,4,23,14,16,23,2,22,29,19,20,25,11,26,2,26,7,23,1,19,25,25,21,27,0,6,24,5,13,3,0,25,20,8,25,0,25,14,23,9
=======
29,23,4,7,10,6,13,5,5,12,24,14,1,22,28,14,12,13,2,3,3,3,6,23,0,22,19,19,29,0,20,11,26,13,16,2,23,24,19,16
24,25,25,13,13,4,3,2,7,4,28,23,0,16,18,4,7,24,0,28,18,17,15,8,28,1,19,9,26,17,7,12,16,19,24,21,11,18,3,23
19,10,11,2,26,17,15,4,11,28,27,27,12,13,17,4,1,28,2,25,26,29,14,12,20,7,12,16,10,16,5,23,1,4,4,26,17,3,9,1
26,22,18,6,16,7,10,16,12,23,16,20,6,0,9,19,9,29,2,23,10,29,29,12,7,20,9,2,17,13,23,11,25,23,27,10,16,9,20,26
7,8,17,10,25,16,0,27,9,7,13,12,17,8,27,15,10,1,15,19,7,27,18,29,5,11,5,27,16,5,24,7,6,5,25,3,14,23,9,18
7,8,17,10,25,16,0,27,9,7,13,12,17,8,27,15,10,1,15,19,7,27,18,29,5,26,5,27,23,5,24,6,6,26,1,21,20,27,24,16
26,22,18,6,16,7,10,16,10,23,16,20,6,0,9,19,9,29,2,23,10,29,29,12,7,20,9,2,17,13,23,11,25,23,27,10,16,9,20,26
26,22,18,6,16,7,10,16,12,23,16,20,6,0,9,19,9,29,2,23,10,29,29,12,7,20,9,2,17,13,23,11,25,23,27,10,16,9,20,26
26,22,18,6,16,7,10,16,12,23,16,20,6,0,9,19,9,29,2,23,10,29,29,12,7,20,9,2,17,13,23,11,25,23,27,10,16,9,20,26
19,10,11,2,26,17,15,4,11,28,27,27,12,13,17,4,1,28,2,25,26,29,14,12,20,7,12,9,26,17,7,12,16,19,24,21,11,18,3,23
29,23,4,7,10,6,13,5,5,12,24,14,1,22,28,14,12,13,2,3,3,3,6,23,0,22,19,19,29,0,20,11,26,13,16,2,23,19,9,16
19,13,23,14,16,23,2,22,29,15,18,12,19,11,14,7,1,6,1,14,3,3,6,23,21,22,19,19,29,0,20,11,26,13,16,2,23,19,9,16
26,22,18,6,16,7,10,16,12,23,16,20,6,0,9,19,9,29,2,23,10,29,29,12,7,20,9,2,17,13,23,11,25,23,27,10,16,9,20,26
7,22,13,14,16,23,2,3,29,15,18,12,26,11,14,7,1,6,1,14,3,3,6,23,0,22,19,19,29,0,20,11,26,13,16,2,23,24,19,16
20,4,23,14,16,23,2,22,29,15,18,12,26,11,14,7,1,6,1,14,3,3,6,23,0,22,19,19,29,0,20,11,26,13,16,2,3,19,9,16
26,22,18,6,16,7,10,16,12,23,16,20,6,0,9,19,9,29,2,23,10,29,29,12,7,20,9,2,17,13,23,11,25,23,27,10,16,9,20,26
7,8,17,10,25,16,0,27,9,7,13,12,17,8,27,15,10,1,15,19,7,27,18,29,5,11,5,27,16,5,24,7,6,23,27,10,16,9,20,26
20,2,10,25,1,26,29,2,10,4,20,25,11,26,2,26,7,23,1,19,11,10,7,9,23,11,10,2,16,28,3,29,23,19,11,13,5,5,8,28
7,18,29,28,3,4,21,8,9,1,4,22,15,2,11,27,3,19,22,16,16,8,24,27,20,3,23,18,21,26,4,21,22,1,27,10,16,9,20,26
20,4,23,14,16,22,2,22,29,15,18,12,26,11,14,7,1,6,1,14,3,3,6,23,21,22,19,19,29,0,20,11,26,13,16,2,23,19,9,16
7,8,17,10,25,16,0,27,9,7,13,12,17,8,27,15,10,1,15,19,7,27,18,29,5,11,5,15,7,24,0,22,8,16,13,15,28,29,12,23
18,29,19,16,25,28,21,8,25,23,4,11,24,19,24,5,12,13,2,3,20,29,21,8,28,17,20,14,15,28,22,21,22,22,25,19,7,4,17,18
20,4,2,7,25,22,5,29,10,23,9,18,17,12,19,3,14,17,5,9,5,23,25,28,28,11,11,10,26,22,4,4,11,8,22,21,29,25,5,2
19,13,2,7,25,28,21,8,25,23,4,11,24,19,24,5,12,13,2,3,20,29,21,8,28,17,20,12,15,28,22,21,22,22,25,0,24,22,14,3
7,8,17,10,25,16,0,27,9,7,13,12,17,8,27,15,10,1,15,11,7,27,18,29,5,11,5,27,16,5,24,7,6,26,14,27,2,13,7,14
7,11,12,4,6,22,1,2,4,7,25,16,0,12,20,0,14,15,14,12,15,18,6,28,26,12,2,15,7,24,0,22,8,16,13,15,28,29,12,23
11,25,28,9,20,27,3,6,15,11,12,18,27,29,9,6,9,12,19,12,26,29,21,16,29,20,9,2,17,13,23,11,25,26,14,27,2,13,7,14
26,22,18,6,16,7,10,16,12,23,16,20,0,0,9,19,9,29,2,23,10,29,29,12,7,20,9,2,17,13,23,11,25,23,27,10,16,9,20,26
19,10,11,2,26,17,15,4,11,28,27,27,12,13,15,4,1,28,2,25,26,29,14,12,20,7,12,16,10,16,5,23,1,4,4,26,17,3,9,1
11,25,28,9,20,27,3,6,15,11,12,18,27,29,9,6,9,12,19,12,11,29,21,16,29,20,9,2,17,13,23,11,25,23,27,10,16,9,20,1
18,29,18,6,16,7,10,16,12,12,16,20,6,0,9,19,9,29,2,23,10,29,29,12,7,1,19,9,26,17,7,12,16,19,24,21,11,5,23,17
11,25,28,9,20,27,3,6,15,11,12,18,27,29,9,6,9,12,19,12,26,29,21,16,29,22,9,2,17,13,23,11,25,23,27,10,16,9,20,26
20,4,4,7,10,6,7,20,29,2,13,11,28,16,26,28,17,21,15,11,27,4,0,11,4,12,14,28,10,21,16,29,22,13,19,3,25,12,15,21
7,11,12,4,6,22,1,2,4,7,25,16,6,12,20,0,14,15,14,23,10,29,29,12,7,20,9,4,21,22,24,25,21,22,11,29,19,13,21,1
18,29,18,6,16,7,10,16,12,12,16,20,6,0,9,19,9,29,2,11,10,29,29,12,7,20,9,2,17,13,23,11,25,23,27,10,16,9,20,26
7,8,17,10,25,22,1,2,4,7,25,16,6,12,20,0,14,15,14,23,10,29,29,12,7,20,9,4,21,22,24,25,21,22,11,29,19,13,21,1
26,22,18,6,16,7,10,16,12,23,16,20,6,0,9,19,9,29,2,28,18,17,15,8,28,1,19,9,26,17,7,12,16,19,24,21,11,18,3,23
7,11,12,4,6,22,1,2,4,7,25,16,6,12,15,0,14,15,14,12,15,18,6,28,26,20,9,2,17,13,23,11,25,23,27,10,16,9,20,26
20,10,27,2,13,7,29,27,0,27,21,3,16,16,6,15,29,24,22,26,11,28,3,13,16,4,1,10,20,25,15,8,1,7,25,3,14,3,9,18
16,25,3,23,3,21,11,15,5,25,19,0,12,24,19,17,28,5,4,18,21,28,2,1,18,1,2,4,21,22,24,25,21,22,11,29,19,13,21,1
20,23,4,7,10,6,13,5,5,12,24,14,1,22,28,14,12,13,2,3,3,3,25,28,28,11,11,10,26,22,4,4,11,8,22,21,29,25,5,2
24,25,25,13,13,4,3,2,7,4,28,23,0,16,18,4,7,24,0,28,18,17,15,8,28,20,9,2,17,13,23,11,25,23,27,10,16,9,20,26
19,10,11,2,26,17,0,27,9,7,13,12,17,8,27,15,10,1,15,19,7,27,18,29,5,11,5,15,7,24,0,22,8,16,13,15,28,29,12,23
26,22,18,6,16,7,10,16,12,23,16,20,6,0,9,19,9,29,2,19,7,27,18,29,5,11,5,27,16,5,24,7,6,23,27,10,16,9,20,26
7,8,17,10,25,16,0,27,9,7,13,12,17,8,27,15,10,1,15,19,7,27,18,29,5,11,5,27,16,5,24,7,6,5,25,29,19,13,21,1
7,8,11,2,26,17,15,4,11,28,27,27,12,13,17,4,1,28,2,25,26,29,14,12,20,7,12,9,26,17,7,12,16,19,24,21,11,18,3,23
26,22,18,6,16,7,10,16,10,23,16,20,6,0,9,19,9,29,2,23,10,29,29,12,7,1,19,9,26,17,7,12,16,19,24,21,11,18,3,23
26,22,18,6,16,7,10,16,12,23,16,20,6,0,9,19,9,29,2,23,10,29,29,12,7,20,9,2,17,13,23,11,25,23,27,10,16,9,20,26
26,22,18,6,16,7,10,16,12,23,16,20,6,0,9,19,9,29,2,23,10,29,29,12,7,20,9,2,17,13,23,11,25,23,27,10,16,13,7,14
19,10,17,10,25,16,0,27,9,7,13,12,17,8,27,15,10,1,15,19,7,27,18,29,5,26,5,27,23,5,24,6,6,26,1,21,20,27,24,16
29,23,4,25,1,26,29,2,10,4,20,25,11,26,2,26,7,23,1,19,11,10,7,9,23,11,10,2,16,28,3,29,23,19,11,13,5,5,8,28
19,13,23,14,16,23,2,22,29,15,18,12,19,11,14,7,1,6,1,14,3,3,6,23,0,22,19,19,29,0,20,11,26,13,16,2,23,19,9,16
26,22,18,6,16,7,10,16,12,23,16,20,6,0,9,19,9,29,2,23,3,3,6,23,0,22,19,19,29,0,20,11,26,13,16,2,23,19,9,16
7,22,13,28,16,23,2,3,29,15,18,12,26,11,14,7,1,6,1,14,3,3,6,23,0,22,19,4,21,22,24,25,21,22,11,29,19,13,21,1
20,4,23,14,16,23,2,22,29,15,18,12,26,11,14,7,1,6,1,14,10,29,29,12,7,20,9,2,17,13,23,11,25,23,27,10,16,9,20,1
26,22,18,6,16,7,10,16,12,23,16,20,6,0,9,19,14,15,14,12,15,18,6,28,26,12,2,15,7,24,0,22,8,16,13,15,28,29,12,23
7,8,17,10,25,16,0,27,9,7,13,12,17,8,27,15,10,1,15,23,10,29,29,12,7,20,9,2,17,13,23,11,25,23,27,10,16,5,20,26
20,2,10,7,10,6,13,5,5,12,24,14,1,22,28,14,12,13,2,3,3,3,6,23,0,22,19,19,29,0,20,11,26,13,16,2,23,19,9,16
7,18,29,28,3,4,21,8,9,1,4,10,15,2,11,27,3,19,22,16,16,8,24,27,20,3,23,18,21,26,4,21,22,22,11,29,19,13,21,1
20,4,23,14,16,22,2,22,29,15,18,12,26,11,14,7,1,6,1,14,3,3,6,23,21,22,19,19,29,0,20,11,26,13,16,2,23,19,9,16
7,8,17,10,25,16,15,4,11,28,27,27,12,13,17,4,1,28,2,25,26,29,14,12,20,7,12,16,10,16,5,23,1,4,4,26,17,3,9,1
18,29,19,16,25,28,21,8,25,23,4,11,24,19,24,5,12,13,2,3,20,29,21,8,28,17,20,14,15,28,22,21,22,22,25,19,7,3,9,1
20,4,2,7,25,22,5,29,10,23,9,18,17,12,19,3,14,17,5,9,5,23,6,23,0,22,19,19,29,0,20,11,26,13,16,2,23,24,19,16
19,13,2,7,25,28,21,8,25,23,4,11,24,19,24,5,12,13,2,3,20,29,21,8,28,17,20,12,15,28,22,21,22,22,27,10,16,9,20,26
7,8,17,10,25,16,0,27,9,7,13,12,17,8,27,15,10,1,15,19,7,27,18,29,5,11,5,27,16,5,24,7,6,23,27,10,16,9,20,26
7,11,12,4,6,22,1,2,4,7,25,16,0,12,20,0,9,29,2,23,10,29,29,12,7,20,9,2,17,13,23,11,25,23,27,10,16,9,20,26
11,25,28,9,20,27,3,6,15,11,12,18,27,29,9,6,9,12,19,12,26,29,21,16,29,20,9,2,17,13,23,11,25,26,14,27,2,9,20,26
26,22,18,6,16,7,10,16,12,23,16,20,0,0,9,19,9,29,2,23,10,29,29,12,7,20,9,2,17,13,23,11,25,23,27,10,16,9,20,1
19,10,11,2,26,17,15,4,11,28,27,27,12,13,15,4,1,28,2,25,26,29,14,12,20,7,12,16,10,16,5,23,1,4,4,26,17,4,17,18
11,25,28,9,20,27,3,6,15,11,12,18,27,29,9,6,9,12,19,12,11,29,21,16,29,20,9,2,17,13,23,11,25,23,27,10,16,9,20,26
18,29,18,6,16,6,7,20,29,2,13,11,19,16,26,28,17,21,15,11,27,4,0,11,4,12,14,28,10,21,16,29,22,13,19,3,25,12,15,21
11,25,28,9,20,27,3,6,15,11,12,18,27,29,9,6,9,12,19,12,26,29,21,16,29,22,9,2,17,13,23,11,25,26,14,27,2,13,7,14
20,4,4,7,10,7,10,16,12,12,16,20,6,0,15,19,9,29,2,23,10,29,29,12,7,1,19,9,26,17,7,12,16,19,24,21,11,5,23,17
7,11,12,4,6,22,1,2,4,7,25,16,6,12,20,0,14,15,14,23,10,29,29,12,7,20,9,4,21,22,24,25,21,1,27,10,16,9,20,26
18,29,18,6,16,7,10,16,12,12,16,20,6,0,9,19,9,29,2,11,10,29,29,12,7,20,9,2,17,13,23,11,25,23,27,10,16,9,20,26
7,8,17,10,25,22,1,2,4,7,25,16,6,12,20,0,14,15,14,23,10,29,29,12,7,20,9,4,21,22,25,25,21,22,11,3,14,23,9,18
26,22,18,6,16,7,10,16,12,23,16,20,6,0,9,15,29,24,22,26,13,28,3,13,16,4,1,10,20,25,15,8,1,7,25,3,14,3,9,18
7,11,12,4,6,22,1,2,4,12,25,16,6,12,15,0,14,15,14,12,15,18,6,28,26,20,9,2,17,13,23,11,25,23,25,0,24,22,14,3
20,10,27,2,13,7,29,27,0,27,21,3,16,16,6,19,9,29,2,28,18,17,15,8,28,1,19,9,26,17,7,12,16,19,24,21,11,18,3,23
16,25,3,23,3,21,11,15,5,25,19,0,12,24,19,17,28,5,4,18,21,28,2,1,18,1,2,19,29,0,20,11,26,13,16,2,23,24,19,16
>>>>>>> 4468f9c87dd51c53fc72031b427f3ba5b36fe69e
