porst	va	vb	vbg	vc	l17	l18	l19	l20	amp/vg	amp/vq	amp/vx	VNW	VDDPST	POC	VDDCE	VDDPE	VPW	VSSPST	VSSE	BGR_Core/vbneg	BGR_Core/l6	BGR_Core/l7	BGR_Core/l8	BGR_Core/l10	BGR_Core/l11	BGR_Core/l1	BGR_Core/l2	BGR_Core/l4	BGR_Core/l5	BGR_Core/l12	BGR_Core/R6/l	BGR_Core/R7/l	BGR_Core/R8/l	BGR_Core/R10/l	BGR_Core/R11/l	BGR_Core/R3/l	BGR_Core/R1/l	BGR_Core/R2/l	BGR_Core/R4/l	BGR_Core/R5/l	BGR_Core/R12/l	R17/l	R18/l	R19/l	R20/l	VDD	VSS
16	7	5	18	10	19	14	16	15	7	15	6	5	20	5	7	17	11	5	15	10	10	5	13	18	19	4	2	3	2	6	5	15	14	17	2	12	6	4	14	20	9	3	8	15	2	3	14
16	7	5	18	10	19	14	16	15	7	15	6	5	20	5	7	17	11	5	15	10	10	5	13	18	19	4	2	3	2	6	5	15	14	17	2	12	6	4	14	20	9	3	8	15	2	3	14
16	7	5	18	10	19	14	16	15	7	15	6	5	20	5	7	17	11	5	15	10	10	5	13	18	19	4	2	3	2	6	5	15	14	17	2	12	6	4	14	20	9	3	8	15	2	3	14
16	7	5	18	10	19	14	16	15	7	15	6	5	20	5	7	17	11	5	15	10	10	5	13	18	19	4	2	3	2	6	5	15	14	17	2	12	6	4	14	20	9	3	8	15	2	3	14
12	14	12	14	10	2	8	16	11	14	15	6	7	17	8	7	8	4	10	18	18	7	20	7	17	5	17	9	15	7	5	3	18	3	4	5	20	6	6	20	8	13	13	5	5	14	17	6
12	14	12	14	10	2	8	16	11	14	15	6	7	17	8	7	8	4	10	18	18	7	20	7	17	5	17	9	15	7	5	3	18	3	4	5	20	6	6	20	8	13	13	5	5	14	17	6
12	14	12	14	10	2	8	16	11	14	15	6	7	17	8	7	8	4	10	18	18	7	20	7	17	5	17	9	15	7	5	3	18	3	4	5	20	6	6	20	8	13	13	5	5	14	17	6
12	14	12	14	10	2	8	16	11	14	15	6	7	17	8	7	8	4	10	18	18	7	20	7	17	5	17	9	15	7	5	3	18	3	4	5	20	6	6	20	8	13	13	5	5	14	17	6
16	6	15	3	17	17	4	11	12	6	16	8	18	4	11	6	8	10	19	15	11	5	4	13	17	16	4	13	20	12	8	17	17	16	18	10	7	19	2	5	15	2	17	17	9	12	5	8
17	3	18	7	19	3	19	13	15	18	6	4	3	3	14	5	4	14	13	18	12	13	18	19	14	11	8	20	4	6	14	13	11	3	18	13	3	2	2	6	10	7	6	7	5	18	17	4
8	16	15	20	10	16	6	13	4	12	5	17	20	12	9	18	12	10	5	9	13	6	12	20	6	13	6	9	15	10	18	7	3	5	8	17	5	11	12	10	5	9	2	13	11	5	17	8
6	17	15	14	9	13	6	11	9	8	10	9	20	20	13	17	11	12	6	12	9	6	10	8	10	16	5	16	16	8	18	13	9	4	20	17	8	11	14	10	6	9	12	15	9	9	3	7
10	4	12	12	19	11	3	9	18	6	10	3	14	15	10	20	9	10	12	19	17	16	5	15	13	7	18	3	9	17	14	2	9	4	11	5	7	6	16	2	13	18	15	5	18	9	17	11
15	11	5	7	12	14	6	5	5	16	17	4	13	13	7	15	9	13	20	5	4	10	16	6	5	3	18	14	7	13	14	14	15	17	11	7	11	11	18	7	19	13	4	15	2	3	12	12
8	20	15	20	10	16	17	13	4	12	5	17	20	12	8	9	2	10	5	9	13	7	12	15	3	5	6	9	3	20	19	4	2	5	8	20	5	14	4	13	5	3	2	8	7	5	17	8
8	20	15	20	10	16	17	13	4	12	5	17	20	12	8	9	2	10	5	9	13	7	12	15	3	5	6	9	3	20	19	4	2	5	8	20	5	14	4	13	5	3	2	8	7	5	17	8
3	13	15	6	8	16	15	6	13	11	7	12	15	14	2	15	10	19	19	16	3	20	5	15	14	7	2	18	6	18	6	4	12	9	7	9	2	7	19	7	4	15	5	16	6	3	10	12
5	17	19	13	12	5	2	9	9	17	11	10	9	2	17	13	18	12	4	4	11	20	15	9	13	14	6	9	11	8	17	13	11	14	6	5	14	13	18	17	9	13	13	15	10	13	14	11
6	18	15	14	9	13	14	11	9	8	10	9	19	20	13	16	9	12	6	12	9	6	10	19	7	19	5	16	17	8	7	13	9	4	19	17	8	11	14	10	18	8	13	15	12	2	3	8
5	18	9	7	4	15	11	11	18	6	20	18	8	19	5	15	19	14	10	11	16	13	20	6	7	5	5	14	14	20	16	6	19	11	13	17	15	8	17	17	18	12	17	3	16	11	6	17
5	18	9	7	4	15	11	11	18	6	20	18	8	19	5	15	19	14	10	11	16	13	20	6	7	5	5	14	14	20	16	6	19	11	13	17	15	8	17	17	18	12	17	3	16	11	6	17
6	19	11	15	14	19	3	16	19	6	19	6	8	20	7	4	20	17	11	10	10	8	14	2	3	18	4	2	11	6	6	18	6	5	12	2	12	6	12	20	4	4	13	8	10	16	12	17
6	18	19	13	9	14	12	9	9	17	11	10	17	2	17	13	2	12	4	4	11	19	15	9	9	14	8	9	15	8	17	13	9	17	11	5	14	13	18	9	9	13	13	15	12	13	11	11
3	17	10	2	18	20	20	8	9	4	18	18	15	18	11	5	6	15	20	15	4	5	15	4	5	15	6	2	16	15	15	2	17	12	10	4	13	4	5	13	2	13	13	7	2	9	13	4
3	17	10	2	18	20	20	8	9	4	18	18	15	18	11	5	6	15	20	15	4	5	15	4	5	15	6	2	16	15	15	2	17	12	10	4	13	4	5	13	2	13	13	7	2	9	13	4
5	17	15	14	12	5	5	11	9	8	10	9	10	20	13	16	20	12	6	12	9	5	10	19	11	19	4	16	13	8	7	13	11	3	14	17	8	11	14	18	18	8	13	15	10	2	6	8
5	17	11	5	16	6	13	9	7	12	17	9	5	14	14	16	18	16	20	9	14	18	11	17	9	12	18	2	4	17	12	14	9	15	3	20	3	15	4	10	8	12	7	5	7	13	2	9
5	17	11	5	16	6	13	9	7	12	17	9	5	14	14	16	18	16	20	9	14	18	11	17	9	12	18	2	4	17	12	14	9	15	3	20	3	15	4	10	8	12	7	5	7	13	2	9
11	2	16	12	7	6	16	13	18	14	18	18	3	20	4	18	4	15	8	11	19	15	17	14	20	9	2	2	7	11	18	20	10	12	4	17	10	11	15	14	14	3	7	6	9	11	12	3
2	15	14	15	5	16	16	7	7	12	17	15	7	20	11	18	5	13	13	6	13	17	18	3	8	10	7	20	12	11	14	3	11	19	15	3	15	10	14	8	13	6	6	5	13	7	2	15
17	3	10	15	13	11	4	2	17	4	20	18	18	18	16	10	5	20	19	11	9	14	14	11	12	9	17	8	15	3	2	12	20	20	17	4	18	15	15	12	12	2	5	15	6	9	2	5
16	17	6	6	3	5	6	5	14	5	11	4	20	20	5	8	11	14	7	18	16	10	12	7	14	10	7	7	4	8	18	13	16	4	12	18	15	11	16	3	6	13	7	17	9	9	4	6
3	2	19	15	5	10	4	9	4	11	13	15	7	3	18	16	3	5	14	8	10	13	17	20	7	8	3	7	7	12	18	10	5	16	7	2	17	15	20	18	11	13	14	10	6	19	2	16
3	16	13	10	11	20	16	15	7	2	16	10	8	14	4	13	5	5	2	13	2	7	14	2	12	16	19	17	17	4	3	19	14	10	2	18	5	4	12	13	5	17	3	6	18	11	3	2
5	18	9	7	4	15	11	11	18	6	20	18	8	19	5	15	19	14	10	11	16	13	20	6	7	5	5	14	14	20	16	6	19	11	13	17	15	8	17	17	18	12	17	3	16	11	6	17
6	18	4	8	11	18	5	3	6	12	3	12	7	16	14	8	15	17	8	7	14	3	12	18	8	12	7	18	19	20	15	6	17	20	8	16	3	9	17	12	19	8	2	3	3	6	9	16
6	18	4	8	11	18	5	3	6	12	3	12	7	16	14	8	15	17	8	7	14	3	12	18	8	12	7	18	19	20	15	6	17	20	8	16	3	9	17	12	19	8	2	3	3	6	9	16
10	10	6	3	7	13	12	8	5	18	17	6	10	12	8	5	9	13	14	5	10	14	19	13	3	12	9	14	3	15	19	10	7	10	3	10	4	12	15	2	10	9	7	10	13	18	5	7
16	8	18	8	2	6	9	16	17	4	10	11	14	12	11	4	5	17	13	4	9	6	15	9	2	17	11	6	18	13	6	3	18	12	12	4	13	8	8	11	18	12	14	14	3	6	16	4
5	13	15	6	8	4	2	6	13	10	7	11	15	14	2	16	10	19	19	16	3	20	17	17	14	3	5	18	6	8	6	4	12	9	7	9	14	7	19	7	4	14	5	16	6	3	10	12
3	19	11	4	17	19	14	18	18	6	18	18	15	20	10	4	6	17	20	15	3	7	15	4	3	16	6	2	12	15	20	16	17	3	12	2	14	4	7	13	2	13	13	7	8	10	12	14
3	4	18	12	15	10	4	15	4	11	13	13	7	3	18	20	7	7	14	18	10	16	4	18	7	8	4	4	7	13	14	10	5	8	7	2	16	6	20	18	11	13	14	10	6	19	12	12
17	3	10	15	13	11	4	2	17	4	20	18	18	18	16	10	5	20	19	11	9	14	14	11	12	9	17	8	15	3	2	12	20	20	17	4	18	15	15	12	12	2	5	15	6	9	2	5
6	13	16	4	17	8	11	2	16	16	2	8	11	5	11	19	6	15	17	4	17	9	19	14	10	2	5	10	3	2	10	14	18	20	14	16	5	10	13	11	8	4	3	4	10	11	19	12
6	13	16	4	17	8	11	2	16	16	2	8	11	5	11	19	6	15	17	4	17	9	19	14	10	2	5	10	3	2	10	14	18	20	14	16	5	10	13	11	8	4	3	4	10	11	19	12
3	12	4	8	16	20	16	18	7	12	6	17	19	3	19	4	18	12	2	4	5	15	13	8	18	18	14	18	13	5	5	17	2	7	6	6	12	8	3	15	3	11	19	3	7	13	4	19
6	5	14	4	4	6	15	10	19	8	8	14	15	5	16	4	9	16	13	15	5	14	15	2	18	12	10	8	13	11	14	4	6	19	13	5	19	16	16	18	7	8	15	7	9	6	14	19
10	14	15	17	3	7	18	13	8	9	6	9	11	6	7	19	10	19	2	7	9	15	7	9	19	6	20	7	9	18	11	2	16	8	3	15	7	14	18	14	8	14	19	18	17	5	6	4
5	18	9	7	4	15	11	11	18	6	20	18	8	19	5	15	19	14	10	11	16	13	20	6	7	5	5	14	14	20	16	6	19	11	13	17	15	8	17	17	18	12	17	3	16	11	6	17
9	5	18	15	11	12	17	8	7	13	19	13	16	14	16	12	16	4	6	9	5	6	14	16	19	8	13	3	2	14	8	4	15	20	20	15	19	8	2	6	18	17	11	14	19	19	4	4
9	5	18	15	11	12	17	8	7	13	19	13	16	14	16	12	16	4	6	9	5	6	14	16	19	8	13	3	2	14	8	4	15	20	20	15	19	8	2	6	18	17	11	14	19	19	4	4
5	17	11	5	16	6	13	9	7	12	17	9	5	14	14	16	18	16	20	9	14	18	11	17	9	12	18	2	4	17	12	14	9	15	3	20	3	15	4	10	8	12	7	5	7	13	2	9
2	8	20	8	4	17	6	4	18	19	14	10	8	4	15	2	19	17	12	2	8	11	15	16	18	11	4	3	4	13	14	15	14	9	11	17	14	19	2	15	11	17	6	14	15	14	20	11
2	8	20	8	4	17	6	4	18	19	14	10	8	4	15	2	19	17	12	2	8	11	15	16	18	11	4	3	4	13	14	15	14	9	11	17	14	19	2	15	11	17	6	14	15	14	20	11
10	4	12	12	19	11	3	9	18	6	10	3	14	15	10	20	9	10	12	19	17	16	5	15	13	7	18	3	9	17	14	2	9	4	11	5	7	6	16	2	13	18	15	5	18	9	17	11
16	17	6	6	3	5	6	5	14	5	11	4	20	20	5	8	11	14	7	18	16	10	12	7	14	10	7	7	4	8	18	13	16	4	12	18	15	11	16	3	6	13	7	17	9	9	4	6
19	2	4	2	9	14	16	10	15	13	14	10	4	7	20	9	8	3	3	18	4	16	9	16	6	18	11	2	6	13	13	13	11	18	10	6	2	17	8	14	12	17	11	16	6	17	11	12
19	2	4	2	9	14	16	10	15	13	14	10	4	7	20	9	8	3	3	18	4	16	9	16	6	18	11	2	6	13	13	13	11	18	10	6	2	17	8	14	12	17	11	16	6	17	11	12
3	2	19	15	5	10	4	9	4	11	13	15	7	3	18	16	3	5	14	8	10	13	17	20	7	8	3	7	7	12	18	10	5	16	7	2	17	15	20	18	11	13	14	10	6	19	2	16
15	16	19	6	4	2	14	12	12	2	8	7	4	18	7	8	5	10	11	10	7	5	15	13	4	19	5	15	5	11	6	20	13	5	6	10	2	18	3	8	10	6	17	13	10	3	5	16
15	8	19	4	6	2	14	15	12	2	8	2	2	18	5	8	5	8	11	10	7	5	17	14	4	2	10	16	5	10	6	18	13	5	6	10	2	3	3	8	10	19	12	13	20	3	17	16
11	2	16	12	7	6	16	13	18	14	18	18	3	20	4	18	4	15	8	11	19	15	17	14	20	9	2	2	7	11	18	20	10	12	4	17	10	11	15	14	14	3	7	6	9	11	12	3
17	4	20	18	3	6	16	20	6	20	10	4	11	13	6	16	13	3	12	5	5	5	11	11	20	13	7	2	17	14	14	8	4	15	10	17	15	17	14	6	15	8	15	8	10	4	6	16
17	4	20	18	3	6	16	20	6	20	10	4	11	13	6	16	13	3	12	5	5	5	11	11	20	13	7	2	17	14	14	8	4	15	10	17	15	17	14	6	15	8	15	8	10	4	6	16
14	15	3	10	18	17	14	11	17	13	20	8	18	6	11	6	5	10	19	6	11	5	4	12	17	19	5	13	15	12	8	19	17	16	18	10	3	19	2	4	14	2	17	12	9	12	4	8
6	18	4	8	11	18	5	3	6	12	3	12	7	16	14	13	15	17	8	7	14	3	12	18	8	12	7	18	19	20	15	6	17	20	8	16	3	9	17	12	19	8	2	3	3	6	9	16
12	5	17	5	17	15	3	11	12	6	7	20	14	4	4	4	8	9	3	14	2	5	14	19	18	11	16	17	20	8	15	4	13	9	10	20	7	15	8	13	5	4	2	18	16	8	5	17
12	5	17	5	17	15	3	11	12	6	7	20	14	4	4	4	8	9	3	14	2	5	14	19	18	11	16	17	20	8	15	4	13	9	10	20	7	15	8	13	5	4	2	18	16	8	5	17
6	18	4	8	11	18	5	3	6	12	3	12	7	16	14	8	15	17	8	7	14	3	12	18	8	12	7	18	19	20	15	6	17	20	8	16	3	9	17	12	19	8	2	3	3	6	9	16
20	14	16	4	4	15	19	19	6	7	6	8	7	9	2	18	6	17	13	11	12	5	15	10	7	12	18	12	19	6	14	19	11	9	14	13	14	17	18	11	15	15	5	6	6	2	20	18
20	14	16	4	4	15	19	19	6	7	6	8	7	9	2	18	6	17	13	11	12	5	15	10	7	12	18	12	19	6	14	19	11	9	14	13	14	17	18	11	15	15	5	6	6	2	20	18
3	12	4	8	16	9	16	18	7	5	7	11	19	3	12	4	18	11	2	3	5	15	13	20	19	12	13	18	13	5	7	9	2	4	6	3	14	13	3	15	6	11	14	3	7	13	4	15
19	15	3	16	2	18	14	6	5	15	15	7	7	11	18	7	7	5	12	17	3	16	3	18	14	7	9	13	4	4	20	7	11	19	10	13	10	9	18	16	6	17	19	6	3	20	9	18
17	3	15	7	19	3	16	13	15	11	6	13	3	3	14	11	4	14	14	18	12	7	13	19	14	11	7	20	4	6	14	13	11	3	18	13	5	2	4	6	10	4	6	7	5	18	17	4
8	20	18	20	10	17	20	13	4	18	5	8	20	12	8	4	2	10	5	9	13	13	17	15	3	5	7	9	3	18	19	4	2	5	8	20	3	14	3	13	5	6	2	8	7	5	17	8
3	17	19	13	12	17	18	9	9	18	11	11	9	2	17	12	18	12	4	4	11	20	4	7	13	18	3	9	11	18	17	13	11	14	6	5	3	13	18	17	9	14	13	15	10	13	14	11
5	17	11	5	16	6	13	9	7	12	17	9	5	14	14	16	18	16	20	9	14	18	11	17	9	12	18	2	4	17	12	14	9	15	3	20	3	15	4	10	8	12	7	5	7	13	2	9
10	14	15	17	3	7	18	13	8	9	6	9	11	6	7	19	4	19	2	7	9	13	12	9	18	6	19	8	9	18	11	2	16	9	3	15	5	4	18	14	5	17	19	19	17	5	6	4
9	10	8	5	13	17	10	13	19	20	11	8	11	19	14	4	7	14	5	20	5	18	6	16	6	15	10	19	8	7	4	10	16	12	14	18	3	13	14	14	19	6	19	20	6	3	11	16
6	13	16	4	17	8	11	2	16	16	2	8	11	5	11	19	6	15	17	4	17	9	19	14	10	2	5	10	3	2	10	14	18	20	14	16	5	10	13	11	8	4	3	4	10	11	19	12
